tensor([[1., 0., 0.],
        [0., 1., 0.],
        [0., 0., 1.]], device='cuda:0') R
tensor([0., 0., 0.], device='cuda:0') T
tensor([[ 9.9998e-01, -2.9516e-04,  5.5034e-03],
        [ 2.9963e-04,  1.0000e+00, -7.9186e-04],
        [-5.5031e-03,  7.9360e-04,  9.9998e-01]], device='cuda:0') R
tensor([ 0.0002,  0.0028, -0.0054], device='cuda:0') T
tensor([[ 1.0000,  0.0012,  0.0086],
        [-0.0013,  1.0000,  0.0045],
        [-0.0086, -0.0045,  1.0000]], device='cuda:0') R
tensor([-0.0018,  0.0039, -0.0073], device='cuda:0') T
tensor([[ 9.9993e-01, -4.5259e-04,  1.1671e-02],
        [ 4.4018e-04,  1.0000e+00,  1.0736e-03],
        [-1.1671e-02, -1.0684e-03,  9.9993e-01]], device='cuda:0') R
tensor([ 0.0012,  0.0052, -0.0128], device='cuda:0') T
tensor([[ 0.9998, -0.0024,  0.0194],
        [ 0.0024,  1.0000,  0.0015],
        [-0.0194, -0.0015,  0.9998]], device='cuda:0') R
tensor([-0.0044,  0.0039, -0.0166], device='cuda:0') T
tensor([[ 9.9980e-01, -6.3393e-04,  2.0086e-02],
        [ 5.7742e-04,  1.0000e+00,  2.8294e-03],
        [-2.0087e-02, -2.8173e-03,  9.9979e-01]], device='cuda:0') R
tensor([ 0.0016,  0.0053, -0.0178], device='cuda:0') T
tensor([[ 0.9997, -0.0012,  0.0227],
        [ 0.0012,  1.0000,  0.0027],
        [-0.0227, -0.0027,  0.9997]], device='cuda:0') R
tensor([ 0.0010,  0.0059, -0.0236], device='cuda:0') T
tensor([[ 9.9970e-01,  3.1482e-04,  2.4681e-02],
        [-4.6876e-04,  9.9998e-01,  6.2408e-03],
        [-2.4679e-02, -6.2506e-03,  9.9968e-01]], device='cuda:0') R
tensor([ 0.0004,  0.0063, -0.0231], device='cuda:0') T
tensor([[ 9.9962e-01,  2.6312e-04,  2.7542e-02],
        [-4.3856e-04,  9.9998e-01,  6.3697e-03],
        [-2.7540e-02, -6.3795e-03,  9.9960e-01]], device='cuda:0') R
tensor([ 0.0006,  0.0063, -0.0240], device='cuda:0') T
tensor([[ 9.9951e-01, -1.0501e-03,  3.1236e-02],
        [ 9.8589e-04,  1.0000e+00,  2.0724e-03],
        [-3.1238e-02, -2.0409e-03,  9.9951e-01]], device='cuda:0') R
tensor([ 0.0071,  0.0074, -0.0339], device='cuda:0') T
tensor([[ 9.9943e-01, -5.1083e-04,  3.3742e-02],
        [ 3.9356e-04,  9.9999e-01,  3.4879e-03],
        [-3.3743e-02, -3.4730e-03,  9.9942e-01]], device='cuda:0') R
tensor([ 0.0028,  0.0075, -0.0270], device='cuda:0') T
tensor([[ 0.9993, -0.0015,  0.0376],
        [ 0.0012,  1.0000,  0.0085],
        [-0.0376, -0.0085,  0.9993]], device='cuda:0') R
tensor([ 0.0045,  0.0090, -0.0361], device='cuda:0') T
tensor([[ 0.9992, -0.0020,  0.0405],
        [ 0.0017,  1.0000,  0.0056],
        [-0.0405, -0.0055,  0.9992]], device='cuda:0') R
tensor([ 0.0074,  0.0095, -0.0363], device='cuda:0') T
tensor([[ 0.9991, -0.0016,  0.0431],
        [ 0.0013,  1.0000,  0.0053],
        [-0.0431, -0.0052,  0.9991]], device='cuda:0') R
tensor([ 0.0083,  0.0099, -0.0380], device='cuda:0') T
tensor([[ 9.9908e-01,  1.1362e-04,  4.2928e-02],
        [-3.6871e-04,  9.9998e-01,  5.9388e-03],
        [-4.2926e-02, -5.9496e-03,  9.9906e-01]], device='cuda:0') R
tensor([ 0.0085,  0.0101, -0.0346], device='cuda:0') T
tensor([[ 9.9900e-01, -7.8358e-04,  4.4631e-02],
        [ 5.0092e-04,  9.9998e-01,  6.3489e-03],
        [-4.4636e-02, -6.3206e-03,  9.9898e-01]], device='cuda:0') R
tensor([ 0.0102,  0.0104, -0.0422], device='cuda:0') T
tensor([[ 9.9900e-01, -8.1155e-04,  4.4792e-02],
        [ 6.3068e-04,  9.9999e-01,  4.0552e-03],
        [-4.4795e-02, -4.0233e-03,  9.9899e-01]], device='cuda:0') R
tensor([ 0.0222,  0.0108, -0.0441], device='cuda:0') T
tensor([[ 9.9889e-01, -1.0662e-03,  4.7044e-02],
        [ 9.1620e-04,  9.9999e-01,  3.2117e-03],
        [-4.7047e-02, -3.1656e-03,  9.9889e-01]], device='cuda:0') R
tensor([ 0.0213,  0.0114, -0.0482], device='cuda:0') T
tensor([[ 0.9988, -0.0013,  0.0490],
        [ 0.0012,  1.0000,  0.0028],
        [-0.0490, -0.0028,  0.9988]], device='cuda:0') R
tensor([ 0.0296,  0.0131, -0.0526], device='cuda:0') T
tensor([[ 9.9855e-01, -3.7137e-04,  5.3754e-02],
        [ 1.5501e-04,  9.9999e-01,  4.0312e-03],
        [-5.3756e-02, -4.0178e-03,  9.9855e-01]], device='cuda:0') R
tensor([ 0.0208,  0.0135, -0.0539], device='cuda:0') T
tensor([[ 9.9845e-01, -1.6810e-04,  5.5621e-02],
        [-2.0239e-05,  1.0000e+00,  3.3874e-03],
        [-5.5622e-02, -3.3841e-03,  9.9845e-01]], device='cuda:0') R
tensor([ 0.0215,  0.0143, -0.0577], device='cuda:0') T
tensor([[ 0.9983,  0.0010,  0.0581],
        [-0.0012,  1.0000,  0.0033],
        [-0.0581, -0.0034,  0.9983]], device='cuda:0') R
tensor([ 0.0211,  0.0143, -0.0593], device='cuda:0') T
tensor([[ 9.9818e-01,  1.8630e-04,  6.0385e-02],
        [-2.6397e-04,  1.0000e+00,  1.2781e-03],
        [-6.0386e-02, -1.2925e-03,  9.9817e-01]], device='cuda:0') R
tensor([ 0.0234,  0.0144, -0.0625], device='cuda:0') T
tensor([[ 9.9779e-01, -1.0008e-03,  6.6471e-02],
        [ 8.1173e-04,  1.0000e+00,  2.8724e-03],
        [-6.6474e-02, -2.8128e-03,  9.9778e-01]], device='cuda:0') R
tensor([ 0.0252,  0.0147, -0.0655], device='cuda:0') T
tensor([[ 9.9763e-01,  3.4956e-04,  6.8822e-02],
        [-5.3294e-04,  1.0000e+00,  2.6475e-03],
        [-6.8821e-02, -2.6785e-03,  9.9763e-01]], device='cuda:0') R
tensor([ 0.0255,  0.0143, -0.0649], device='cuda:0') T
tensor([[ 9.9744e-01, -7.1642e-04,  7.1485e-02],
        [ 2.2716e-04,  9.9998e-01,  6.8542e-03],
        [-7.1489e-02, -6.8211e-03,  9.9742e-01]], device='cuda:0') R
tensor([ 0.0276,  0.0141, -0.0695], device='cuda:0') T
tensor([[ 9.9709e-01, -2.1033e-04,  7.6274e-02],
        [-2.0472e-04,  9.9999e-01,  5.4348e-03],
        [-7.6274e-02, -5.4355e-03,  9.9707e-01]], device='cuda:0') R
tensor([ 0.0297,  0.0125, -0.0733], device='cuda:0') T
tensor([[ 0.9969,  0.0014,  0.0792],
        [-0.0017,  1.0000,  0.0041],
        [-0.0792, -0.0042,  0.9969]], device='cuda:0') R
tensor([ 0.0293,  0.0137, -0.0746], device='cuda:0') T
tensor([[ 9.9661e-01,  6.6906e-04,  8.2311e-02],
        [-9.5402e-04,  1.0000e+00,  3.4226e-03],
        [-8.2309e-02, -3.4905e-03,  9.9660e-01]], device='cuda:0') R
tensor([ 0.0294,  0.0143, -0.0771], device='cuda:0') T
tensor([[ 9.9633e-01,  4.8092e-04,  8.5595e-02],
        [-7.4972e-04,  1.0000e+00,  3.1078e-03],
        [-8.5594e-02, -3.1615e-03,  9.9633e-01]], device='cuda:0') R
tensor([ 0.0307,  0.0141, -0.0861], device='cuda:0') T
tensor([[ 0.9962,  0.0013,  0.0876],
        [-0.0016,  1.0000,  0.0038],
        [-0.0876, -0.0040,  0.9961]], device='cuda:0') R
tensor([ 0.0309,  0.0133, -0.0815], device='cuda:0') T
tensor([[ 9.9606e-01, -5.5283e-04,  8.8677e-02],
        [ 1.4674e-05,  9.9998e-01,  6.0681e-03],
        [-8.8680e-02, -6.0441e-03,  9.9604e-01]], device='cuda:0') R
tensor([ 0.0328,  0.0133, -0.0841], device='cuda:0') T
tensor([[ 0.9958, -0.0018,  0.0916],
        [ 0.0015,  1.0000,  0.0040],
        [-0.0916, -0.0039,  0.9958]], device='cuda:0') R
tensor([ 0.0331,  0.0133, -0.0877], device='cuda:0') T
tensor([[ 0.9955,  0.0041,  0.0948],
        [-0.0043,  1.0000,  0.0027],
        [-0.0948, -0.0031,  0.9955]], device='cuda:0') R
tensor([ 0.0328,  0.0124, -0.0877], device='cuda:0') T
tensor([[ 9.9530e-01,  1.2635e-03,  9.6806e-02],
        [-9.6238e-04,  1.0000e+00, -3.1582e-03],
        [-9.6811e-02,  3.0489e-03,  9.9530e-01]], device='cuda:0') R
tensor([ 0.0312,  0.0149, -0.0930], device='cuda:0') T
tensor([[ 0.9955, -0.0072,  0.0950],
        [ 0.0080,  0.9999, -0.0084],
        [-0.0949,  0.0091,  0.9954]], device='cuda:0') R
tensor([ 0.0351,  0.0166, -0.1044], device='cuda:0') T
tensor([[ 0.9952, -0.0053,  0.0980],
        [ 0.0055,  1.0000, -0.0024],
        [-0.0979,  0.0029,  0.9952]], device='cuda:0') R
tensor([ 0.0319,  0.0146, -0.1012], device='cuda:0') T
tensor([[1., 0., 0.],
        [0., 1., 0.],
        [0., 0., 1.]], device='cuda:0') R
tensor([0., 0., 0.], device='cuda:0') T
tensor([[ 9.9999e-01,  1.0376e-04,  4.9134e-03],
        [-1.0069e-04,  1.0000e+00, -6.2854e-04],
        [-4.9133e-03,  6.2812e-04,  9.9999e-01]], device='cuda:0') R
tensor([ 0.0015,  0.0023, -0.0057], device='cuda:0') T
tensor([[ 1.0000,  0.0013,  0.0083],
        [-0.0014,  1.0000,  0.0046],
        [-0.0083, -0.0046,  1.0000]], device='cuda:0') R
tensor([-0.0010,  0.0038, -0.0074], device='cuda:0') T
tensor([[ 9.9993e-01, -2.5811e-04,  1.1720e-02],
        [ 2.4218e-04,  1.0000e+00,  1.3605e-03],
        [-1.1721e-02, -1.3576e-03,  9.9993e-01]], device='cuda:0') R
tensor([ 0.0013,  0.0047, -0.0131], device='cuda:0') T
tensor([[ 0.9998, -0.0023,  0.0180],
        [ 0.0023,  1.0000,  0.0018],
        [-0.0180, -0.0018,  0.9998]], device='cuda:0') R
tensor([-0.0004,  0.0035, -0.0178], device='cuda:0') T
tensor([[ 9.9981e-01, -6.4824e-04,  1.9413e-02],
        [ 5.8649e-04,  1.0000e+00,  3.1928e-03],
        [-1.9415e-02, -3.1807e-03,  9.9981e-01]], device='cuda:0') R
tensor([ 0.0036,  0.0048, -0.0182], device='cuda:0') T
tensor([[ 0.9997, -0.0013,  0.0225],
        [ 0.0013,  1.0000,  0.0027],
        [-0.0225, -0.0026,  0.9997]], device='cuda:0') R
tensor([ 0.0029,  0.0051, -0.0239], device='cuda:0') T
tensor([[ 9.9971e-01,  2.3972e-04,  2.4321e-02],
        [-3.9092e-04,  9.9998e-01,  6.2194e-03],
        [-2.4319e-02, -6.2269e-03,  9.9969e-01]], device='cuda:0') R
tensor([ 0.0023,  0.0061, -0.0238], device='cuda:0') T
tensor([[ 9.9964e-01,  7.6264e-04,  2.6790e-02],
        [-9.3321e-04,  9.9998e-01,  6.3612e-03],
        [-2.6784e-02, -6.3837e-03,  9.9962e-01]], device='cuda:0') R
tensor([ 0.0024,  0.0060, -0.0243], device='cuda:0') T
tensor([[ 9.9949e-01, -6.2785e-04,  3.2114e-02],
        [ 5.3264e-04,  1.0000e+00,  2.9796e-03],
        [-3.2116e-02, -2.9608e-03,  9.9948e-01]], device='cuda:0') R
tensor([ 0.0042,  0.0057, -0.0333], device='cuda:0') T
tensor([[ 9.9943e-01, -1.9954e-04,  3.3779e-02],
        [ 6.1138e-05,  9.9999e-01,  4.1054e-03],
        [-3.3779e-02, -4.1008e-03,  9.9942e-01]], device='cuda:0') R
tensor([ 0.0028,  0.0063, -0.0270], device='cuda:0') T
tensor([[ 9.9931e-01, -1.2364e-03,  3.7195e-02],
        [ 9.0252e-04,  9.9996e-01,  8.9972e-03],
        [-3.7205e-02, -8.9572e-03,  9.9927e-01]], device='cuda:0') R
tensor([ 0.0052,  0.0078, -0.0346], device='cuda:0') T
tensor([[ 0.9992, -0.0014,  0.0409],
        [ 0.0011,  1.0000,  0.0065],
        [-0.0409, -0.0064,  0.9991]], device='cuda:0') R
tensor([ 0.0063,  0.0075, -0.0356], device='cuda:0') T
tensor([[ 0.9990, -0.0015,  0.0441],
        [ 0.0012,  1.0000,  0.0062],
        [-0.0441, -0.0062,  0.9990]], device='cuda:0') R
tensor([ 0.0065,  0.0081, -0.0379], device='cuda:0') T
tensor([[ 9.9907e-01,  3.6558e-04,  4.3089e-02],
        [-6.9573e-04,  9.9997e-01,  7.6431e-03],
        [-4.3086e-02, -7.6660e-03,  9.9904e-01]], device='cuda:0') R
tensor([ 0.0092,  0.0077, -0.0384], device='cuda:0') T
tensor([[ 9.9899e-01, -6.2123e-04,  4.4878e-02],
        [ 2.7955e-04,  9.9997e-01,  7.6149e-03],
        [-4.4882e-02, -7.5948e-03,  9.9896e-01]], device='cuda:0') R
tensor([ 0.0095,  0.0079, -0.0426], device='cuda:0') T
tensor([[ 9.9882e-01, -1.0823e-03,  4.8540e-02],
        [ 8.2983e-04,  9.9999e-01,  5.2152e-03],
        [-4.8545e-02, -5.1689e-03,  9.9881e-01]], device='cuda:0') R
tensor([ 0.0132,  0.0082, -0.0438], device='cuda:0') T
tensor([[ 0.9988, -0.0013,  0.0497],
        [ 0.0011,  1.0000,  0.0049],
        [-0.0497, -0.0049,  0.9988]], device='cuda:0') R
tensor([ 0.0131,  0.0083, -0.0480], device='cuda:0') T
tensor([[ 0.9985, -0.0022,  0.0544],
        [ 0.0019,  1.0000,  0.0054],
        [-0.0544, -0.0052,  0.9985]], device='cuda:0') R
tensor([ 0.0150,  0.0084, -0.0548], device='cuda:0') T
tensor([[ 9.9850e-01,  1.4734e-04,  5.4834e-02],
        [-4.1909e-04,  9.9999e-01,  4.9376e-03],
        [-5.4833e-02, -4.9534e-03,  9.9848e-01]], device='cuda:0') R
tensor([ 0.0149,  0.0094, -0.0373], device='cuda:0') T
tensor([[ 9.9829e-01,  2.5324e-05,  5.8510e-02],
        [-3.2509e-04,  9.9999e-01,  5.1045e-03],
        [-5.8510e-02, -5.1150e-03,  9.9827e-01]], device='cuda:0') R
tensor([ 0.0132,  0.0101, -0.0522], device='cuda:0') T
tensor([[ 9.9807e-01,  9.7158e-04,  6.2034e-02],
        [-1.2978e-03,  9.9999e-01,  5.2113e-03],
        [-6.2029e-02, -5.2820e-03,  9.9806e-01]], device='cuda:0') R
tensor([ 0.0119,  0.0100, -0.0569], device='cuda:0') T
tensor([[ 9.9790e-01,  3.5951e-04,  6.4739e-02],
        [-5.8744e-04,  1.0000e+00,  3.4941e-03],
        [-6.4738e-02, -3.5250e-03,  9.9790e-01]], device='cuda:0') R
tensor([ 0.0131,  0.0099, -0.0602], device='cuda:0') T
tensor([[ 9.9739e-01, -1.1438e-03,  7.2133e-02],
        [ 7.7448e-04,  9.9999e-01,  5.1420e-03],
        [-7.2139e-02, -5.0729e-03,  9.9738e-01]], device='cuda:0') R
tensor([ 0.0126,  0.0100, -0.0645], device='cuda:0') T
tensor([[ 9.9726e-01, -1.3538e-04,  7.3996e-02],
        [-2.3006e-04,  9.9999e-01,  4.9254e-03],
        [-7.3997e-02, -4.9292e-03,  9.9725e-01]], device='cuda:0') R
tensor([ 0.0126,  0.0097, -0.0644], device='cuda:0') T
tensor([[ 9.9720e-01, -7.9981e-04,  7.4722e-02],
        [ 2.0622e-04,  9.9997e-01,  7.9468e-03],
        [-7.4728e-02, -7.9093e-03,  9.9717e-01]], device='cuda:0') R
tensor([ 0.0191,  0.0114, -0.0702], device='cuda:0') T
tensor([[ 9.9679e-01, -5.3285e-04,  8.0079e-02],
        [ 9.4517e-05,  9.9999e-01,  5.4730e-03],
        [-8.0082e-02, -5.4481e-03,  9.9677e-01]], device='cuda:0') R
tensor([ 0.0201,  0.0117, -0.0726], device='cuda:0') T
tensor([[ 0.9965,  0.0016,  0.0835],
        [-0.0020,  1.0000,  0.0050],
        [-0.0835, -0.0051,  0.9965]], device='cuda:0') R
tensor([ 0.0183,  0.0109, -0.0704], device='cuda:0') T
tensor([[ 9.9633e-01,  6.7882e-04,  8.5601e-02],
        [-1.0392e-03,  9.9999e-01,  4.1617e-03],
        [-8.5599e-02, -4.2356e-03,  9.9632e-01]], device='cuda:0') R
tensor([ 0.0187,  0.0113, -0.0721], device='cuda:0') T
tensor([[ 9.9615e-01, -5.0481e-04,  8.7616e-02],
        [ 2.1039e-04,  1.0000e+00,  3.3656e-03],
        [-8.7618e-02, -3.3345e-03,  9.9615e-01]], device='cuda:0') R
tensor([ 0.0247,  0.0129, -0.0797], device='cuda:0') T
tensor([[ 9.9593e-01,  6.3342e-04,  9.0153e-02],
        [-1.0150e-03,  9.9999e-01,  4.1844e-03],
        [-9.0151e-02, -4.2591e-03,  9.9592e-01]], device='cuda:0') R
tensor([ 0.0236,  0.0118, -0.0795], device='cuda:0') T
tensor([[ 9.9581e-01, -7.1069e-04,  9.1393e-02],
        [ 1.4240e-04,  9.9998e-01,  6.2223e-03],
        [-9.1397e-02, -6.1835e-03,  9.9580e-01]], device='cuda:0') R
tensor([ 0.0252,  0.0125, -0.0841], device='cuda:0') T
tensor([[ 9.9551e-01, -8.5033e-04,  9.4620e-02],
        [ 4.4892e-04,  9.9999e-01,  4.2616e-03],
        [-9.4624e-02, -4.2002e-03,  9.9550e-01]], device='cuda:0') R
tensor([ 0.0252,  0.0127, -0.0856], device='cuda:0') T
tensor([[ 0.9951,  0.0043,  0.0991],
        [-0.0046,  1.0000,  0.0025],
        [-0.0991, -0.0030,  0.9951]], device='cuda:0') R
tensor([ 0.0241,  0.0122, -0.0849], device='cuda:0') T
tensor([[ 0.9951,  0.0013,  0.0989],
        [-0.0010,  1.0000, -0.0030],
        [-0.0989,  0.0028,  0.9951]], device='cuda:0') R
tensor([ 0.0246,  0.0136, -0.0892], device='cuda:0') T
tensor([[ 0.9952, -0.0072,  0.0971],
        [ 0.0080,  0.9999, -0.0082],
        [-0.0971,  0.0089,  0.9952]], device='cuda:0') R
tensor([ 0.0297,  0.0156, -0.0987], device='cuda:0') T
tensor([[ 0.9950, -0.0047,  0.0998],
        [ 0.0049,  1.0000, -0.0014],
        [-0.0998,  0.0019,  0.9950]], device='cuda:0') R
tensor([ 0.0269,  0.0116, -0.0968], device='cuda:0') T
tensor([[ 9.9525e-01, -1.6543e-03,  9.7363e-02],
        [ 9.2180e-04,  9.9997e-01,  7.5684e-03],
        [-9.7375e-02, -7.4429e-03,  9.9522e-01]], device='cuda:0') R
tensor([ 0.0316,  0.0117, -0.1004], device='cuda:0') T
tensor([[ 9.9485e-01, -3.0096e-04,  1.0136e-01],
        [ 9.0448e-04,  9.9998e-01, -5.9079e-03],
        [-1.0135e-01,  5.9688e-03,  9.9483e-01]], device='cuda:0') R
tensor([ 0.0299,  0.0154, -0.1037], device='cuda:0') T
tensor([[ 0.9950, -0.0012,  0.1003],
        [ 0.0015,  1.0000, -0.0029],
        [-0.1003,  0.0030,  0.9950]], device='cuda:0') R
tensor([ 0.0303,  0.0141, -0.1085], device='cuda:0') T
tensor([[ 9.9488e-01, -4.3710e-04,  1.0109e-01],
        [ 8.5976e-04,  9.9999e-01, -4.1369e-03],
        [-1.0109e-01,  4.2023e-03,  9.9487e-01]], device='cuda:0') R
tensor([ 0.0317,  0.0146, -0.1089], device='cuda:0') T
tensor([[ 9.9473e-01,  1.7526e-03,  1.0247e-01],
        [-1.7869e-03,  1.0000e+00,  2.4319e-04],
        [-1.0247e-01, -4.2546e-04,  9.9474e-01]], device='cuda:0') R
tensor([ 0.0324,  0.0140, -0.1110], device='cuda:0') T
tensor([[ 0.9947,  0.0014,  0.1024],
        [-0.0016,  1.0000,  0.0019],
        [-0.1024, -0.0021,  0.9947]], device='cuda:0') R
tensor([ 0.0326,  0.0149, -0.1126], device='cuda:0') T
tensor([[ 0.9946,  0.0026,  0.1042],
        [-0.0028,  1.0000,  0.0017],
        [-0.1042, -0.0020,  0.9946]], device='cuda:0') R
tensor([ 0.0306,  0.0154, -0.1143], device='cuda:0') T
tensor([[ 0.9945,  0.0022,  0.1047],
        [-0.0027,  1.0000,  0.0046],
        [-0.1047, -0.0048,  0.9945]], device='cuda:0') R
tensor([ 0.0323,  0.0152, -0.1183], device='cuda:0') T
tensor([[ 9.9413e-01,  4.5777e-05,  1.0813e-01],
        [-6.9767e-04,  9.9998e-01,  5.9894e-03],
        [-1.0813e-01, -6.0301e-03,  9.9412e-01]], device='cuda:0') R
tensor([ 0.0321,  0.0145, -0.1213], device='cuda:0') T
tensor([[ 9.9404e-01,  5.1361e-04,  1.0903e-01],
        [-1.1387e-03,  9.9998e-01,  5.6703e-03],
        [-1.0903e-01, -5.7610e-03,  9.9402e-01]], device='cuda:0') R
tensor([ 0.0321,  0.0145, -0.1226], device='cuda:0') T
tensor([[ 9.9397e-01,  6.5851e-04,  1.0962e-01],
        [-1.7539e-03,  9.9995e-01,  9.8964e-03],
        [-1.0961e-01, -1.0029e-02,  9.9392e-01]], device='cuda:0') R
tensor([ 0.0352,  0.0148, -0.1268], device='cuda:0') T
tensor([[ 0.9937,  0.0030,  0.1117],
        [-0.0042,  0.9999,  0.0104],
        [-0.1116, -0.0108,  0.9937]], device='cuda:0') R
tensor([ 0.0321,  0.0149, -0.1298], device='cuda:0') T
tensor([[ 0.9934,  0.0052,  0.1148],
        [-0.0066,  0.9999,  0.0116],
        [-0.1147, -0.0122,  0.9933]], device='cuda:0') R
tensor([ 0.0303,  0.0138, -0.1309], device='cuda:0') T
tensor([[ 0.9932,  0.0064,  0.1166],
        [-0.0079,  0.9999,  0.0124],
        [-0.1166, -0.0132,  0.9931]], device='cuda:0') R
tensor([ 0.0301,  0.0142, -0.1324], device='cuda:0') T
tensor([[ 0.9924,  0.0067,  0.1226],
        [-0.0081,  0.9999,  0.0110],
        [-0.1226, -0.0119,  0.9924]], device='cuda:0') R
tensor([ 0.0298,  0.0144, -0.1400], device='cuda:0') T
tensor([[ 0.9922,  0.0077,  0.1244],
        [-0.0093,  0.9999,  0.0123],
        [-0.1243, -0.0133,  0.9922]], device='cuda:0') R
tensor([ 0.0305,  0.0145, -0.1404], device='cuda:0') T
tensor([[ 0.9920,  0.0083,  0.1263],
        [-0.0100,  0.9999,  0.0126],
        [-0.1262, -0.0138,  0.9919]], device='cuda:0') R
tensor([ 0.0318,  0.0143, -0.1407], device='cuda:0') T
tensor([[ 0.9914,  0.0078,  0.1306],
        [-0.0099,  0.9998,  0.0154],
        [-0.1305, -0.0165,  0.9913]], device='cuda:0') R
tensor([ 0.0285,  0.0141, -0.1486], device='cuda:0') T
tensor([[ 0.9907,  0.0078,  0.1356],
        [-0.0107,  0.9997,  0.0207],
        [-0.1354, -0.0220,  0.9905]], device='cuda:0') R
tensor([ 0.0292,  0.0130, -0.1530], device='cuda:0') T
tensor([[ 0.9904,  0.0056,  0.1382],
        [-0.0075,  0.9999,  0.0138],
        [-0.1382, -0.0147,  0.9903]], device='cuda:0') R
tensor([ 0.0277,  0.0151, -0.1543], device='cuda:0') T
tensor([[ 0.9902,  0.0032,  0.1395],
        [-0.0056,  0.9999,  0.0164],
        [-0.1395, -0.0170,  0.9901]], device='cuda:0') R
tensor([ 0.0281,  0.0156, -0.1565], device='cuda:0') T
tensor([[ 0.9900,  0.0020,  0.1409],
        [-0.0039,  0.9999,  0.0134],
        [-0.1409, -0.0138,  0.9899]], device='cuda:0') R
tensor([ 0.0251,  0.0176, -0.1587], device='cuda:0') T
tensor([[ 0.9896,  0.0022,  0.1439],
        [-0.0038,  0.9999,  0.0112],
        [-0.1438, -0.0116,  0.9895]], device='cuda:0') R
tensor([ 0.0244,  0.0182, -0.1651], device='cuda:0') T
tensor([[ 0.9896,  0.0040,  0.1437],
        [-0.0056,  0.9999,  0.0107],
        [-0.1436, -0.0114,  0.9896]], device='cuda:0') R
tensor([ 0.0269,  0.0172, -0.1668], device='cuda:0') T
tensor([[ 0.9893,  0.0029,  0.1457],
        [-0.0046,  0.9999,  0.0108],
        [-0.1456, -0.0114,  0.9893]], device='cuda:0') R
tensor([ 0.0259,  0.0172, -0.1718], device='cuda:0') T
tensor([[ 0.9894,  0.0011,  0.1452],
        [-0.0026,  1.0000,  0.0095],
        [-0.1452, -0.0098,  0.9893]], device='cuda:0') R
tensor([ 0.0269,  0.0167, -0.1749], device='cuda:0') T
tensor([[ 0.9883,  0.0033,  0.1522],
        [-0.0041,  1.0000,  0.0054],
        [-0.1522, -0.0059,  0.9883]], device='cuda:0') R
tensor([ 0.0229,  0.0192, -0.1792], device='cuda:0') T
tensor([[ 0.9881,  0.0024,  0.1535],
        [-0.0032,  1.0000,  0.0052],
        [-0.1535, -0.0056,  0.9881]], device='cuda:0') R
tensor([ 0.0205,  0.0216, -0.1780], device='cuda:0') T
tensor([[ 0.9882,  0.0021,  0.1533],
        [-0.0030,  1.0000,  0.0052],
        [-0.1533, -0.0056,  0.9882]], device='cuda:0') R
tensor([ 0.0243,  0.0208, -0.1809], device='cuda:0') T
tensor([[ 0.9881,  0.0020,  0.1535],
        [-0.0024,  1.0000,  0.0025],
        [-0.1535, -0.0028,  0.9881]], device='cuda:0') R
tensor([ 0.0235,  0.0204, -0.1848], device='cuda:0') T
tensor([[ 9.8783e-01,  1.2464e-03,  1.5548e-01],
        [-1.0810e-03,  1.0000e+00, -1.1480e-03],
        [-1.5548e-01,  9.6501e-04,  9.8784e-01]], device='cuda:0') R
tensor([ 0.0240,  0.0209, -0.1866], device='cuda:0') T
tensor([[ 9.8773e-01,  1.6809e-03,  1.5614e-01],
        [-8.3514e-04,  9.9999e-01, -5.4808e-03],
        [-1.5615e-01,  5.2820e-03,  9.8772e-01]], device='cuda:0') R
tensor([ 0.0238,  0.0219, -0.1882], device='cuda:0') T
tensor([[ 0.9873, -0.0068,  0.1585],
        [ 0.0078,  1.0000, -0.0056],
        [-0.1584,  0.0068,  0.9873]], device='cuda:0') R
tensor([ 0.0203,  0.0232, -0.1896], device='cuda:0') T
tensor([[ 0.9869, -0.0097,  0.1611],
        [ 0.0115,  0.9999, -0.0102],
        [-0.1610,  0.0119,  0.9869]], device='cuda:0') R
tensor([ 0.0230,  0.0243, -0.1920], device='cuda:0') T
tensor([[ 0.9868, -0.0139,  0.1614],
        [ 0.0164,  0.9998, -0.0143],
        [-0.1611,  0.0167,  0.9868]], device='cuda:0') R
tensor([ 0.0220,  0.0261, -0.1939], device='cuda:0') T
tensor([[ 0.9865, -0.0105,  0.1635],
        [ 0.0133,  0.9998, -0.0156],
        [-0.1633,  0.0175,  0.9864]], device='cuda:0') R
tensor([ 0.0226,  0.0254, -0.1968], device='cuda:0') T
tensor([[ 0.9860, -0.0051,  0.1666],
        [ 0.0061,  1.0000, -0.0060],
        [-0.1666,  0.0069,  0.9860]], device='cuda:0') R
tensor([ 0.0219,  0.0222, -0.1989], device='cuda:0') T
tensor([[ 0.9856, -0.0041,  0.1691],
        [ 0.0055,  1.0000, -0.0075],
        [-0.1691,  0.0084,  0.9856]], device='cuda:0') R
tensor([ 0.0215,  0.0232, -0.1992], device='cuda:0') T
tensor([[ 0.9857, -0.0047,  0.1682],
        [ 0.0062,  0.9999, -0.0086],
        [-0.1682,  0.0095,  0.9857]], device='cuda:0') R
tensor([ 0.0213,  0.0239, -0.2013], device='cuda:0') T
tensor([[ 0.9853, -0.0052,  0.1708],
        [ 0.0069,  0.9999, -0.0093],
        [-0.1707,  0.0103,  0.9853]], device='cuda:0') R
tensor([ 0.0200,  0.0249, -0.2029], device='cuda:0') T
tensor([[ 0.9850, -0.0041,  0.1722],
        [ 0.0061,  0.9999, -0.0111],
        [-0.1722,  0.0120,  0.9850]], device='cuda:0') R
tensor([ 0.0212,  0.0242, -0.2031], device='cuda:0') T
tensor([[ 0.9849, -0.0032,  0.1730],
        [ 0.0048,  0.9999, -0.0089],
        [-0.1729,  0.0096,  0.9849]], device='cuda:0') R
tensor([ 0.0195,  0.0258, -0.2063], device='cuda:0') T
tensor([[ 0.9846, -0.0027,  0.1749],
        [ 0.0039,  1.0000, -0.0066],
        [-0.1749,  0.0072,  0.9846]], device='cuda:0') R
tensor([ 0.0194,  0.0240, -0.2069], device='cuda:0') T
tensor([[ 0.9841, -0.0022,  0.1776],
        [ 0.0033,  1.0000, -0.0062],
        [-0.1776,  0.0067,  0.9841]], device='cuda:0') R
tensor([ 0.0182,  0.0230, -0.2115], device='cuda:0') T
tensor([[ 0.9841, -0.0023,  0.1775],
        [ 0.0033,  1.0000, -0.0053],
        [-0.1775,  0.0058,  0.9841]], device='cuda:0') R
tensor([ 0.0191,  0.0238, -0.2111], device='cuda:0') T
tensor([[ 0.9839, -0.0023,  0.1787],
        [ 0.0028,  1.0000, -0.0025],
        [-0.1787,  0.0030,  0.9839]], device='cuda:0') R
tensor([ 0.0207,  0.0224, -0.2141], device='cuda:0') T
tensor([[ 0.9836, -0.0034,  0.1803],
        [ 0.0040,  1.0000, -0.0031],
        [-0.1803,  0.0038,  0.9836]], device='cuda:0') R
tensor([ 0.0193,  0.0233, -0.2182], device='cuda:0') T
tensor([[ 0.9831, -0.0019,  0.1828],
        [ 0.0026,  1.0000, -0.0032],
        [-0.1828,  0.0036,  0.9831]], device='cuda:0') R
tensor([ 0.0186,  0.0240, -0.2184], device='cuda:0') T
tensor([[ 9.8261e-01, -6.4023e-04,  1.8561e-01],
        [ 1.0227e-03,  1.0000e+00, -1.9642e-03],
        [-1.8561e-01,  2.1185e-03,  9.8262e-01]], device='cuda:0') R
tensor([ 0.0167,  0.0248, -0.2199], device='cuda:0') T
tensor([[ 9.8261e-01, -1.0910e-03,  1.8563e-01],
        [ 1.1192e-03,  1.0000e+00, -4.7253e-05],
        [-1.8563e-01,  2.5287e-04,  9.8261e-01]], device='cuda:0') R
tensor([ 0.0177,  0.0244, -0.2233], device='cuda:0') T
tensor([[ 9.8259e-01, -6.6513e-04,  1.8572e-01],
        [ 5.0481e-04,  1.0000e+00,  9.1026e-04],
        [-1.8573e-01, -8.0209e-04,  9.8260e-01]], device='cuda:0') R
tensor([ 0.0178,  0.0238, -0.2273], device='cuda:0') T
tensor([[ 0.9824,  0.0015,  0.1870],
        [-0.0025,  1.0000,  0.0048],
        [-0.1870, -0.0051,  0.9823]], device='cuda:0') R
tensor([ 0.0183,  0.0236, -0.2293], device='cuda:0') T
tensor([[ 9.8214e-01,  1.0357e-03,  1.8813e-01],
        [-1.2079e-03,  1.0000e+00,  8.0106e-04],
        [-1.8813e-01, -1.0154e-03,  9.8214e-01]], device='cuda:0') R
tensor([ 0.0186,  0.0249, -0.2310], device='cuda:0') T
tensor([[ 9.8229e-01,  8.9745e-04,  1.8733e-01],
        [-1.9334e-03,  9.9998e-01,  5.3474e-03],
        [-1.8733e-01, -5.6164e-03,  9.8228e-01]], device='cuda:0') R
tensor([ 0.0190,  0.0235, -0.2368], device='cuda:0') T
tensor([[ 0.9818,  0.0011,  0.1900],
        [-0.0026,  1.0000,  0.0078],
        [-0.1900, -0.0082,  0.9818]], device='cuda:0') R
tensor([ 0.0197,  0.0207, -0.2379], device='cuda:0') T
tensor([[ 0.9816,  0.0017,  0.1908],
        [-0.0030,  1.0000,  0.0066],
        [-0.1907, -0.0071,  0.9816]], device='cuda:0') R
tensor([ 0.0182,  0.0240, -0.2385], device='cuda:0') T
tensor([[ 0.9815,  0.0013,  0.1915],
        [-0.0025,  1.0000,  0.0062],
        [-0.1915, -0.0066,  0.9815]], device='cuda:0') R
tensor([ 0.0165,  0.0251, -0.2398], device='cuda:0') T
tensor([[ 9.8170e-01,  6.1270e-04,  1.9036e-01],
        [-2.2621e-03,  9.9996e-01,  8.4467e-03],
        [-1.9035e-01, -8.7244e-03,  9.8167e-01]], device='cuda:0') R
tensor([ 0.0171,  0.0271, -0.2359], device='cuda:0') T
tensor([[ 9.8134e-01, -4.5492e-04,  1.9221e-01],
        [-8.7695e-04,  9.9998e-01,  6.8429e-03],
        [-1.9221e-01, -6.8854e-03,  9.8132e-01]], device='cuda:0') R
tensor([ 0.0180,  0.0247, -0.2449], device='cuda:0') T
tensor([[ 9.8134e-01, -1.0283e-03,  1.9224e-01],
        [-4.2325e-04,  9.9997e-01,  7.5077e-03],
        [-1.9225e-01, -7.4507e-03,  9.8131e-01]], device='cuda:0') R
tensor([ 0.0190,  0.0272, -0.2437], device='cuda:0') T
tensor([[ 9.8123e-01, -3.5393e-05,  1.9277e-01],
        [-1.5653e-03,  9.9997e-01,  8.1498e-03],
        [-1.9276e-01, -8.3005e-03,  9.8120e-01]], device='cuda:0') R
tensor([ 0.0212,  0.0250, -0.2474], device='cuda:0') T
tensor([[ 9.8084e-01,  1.0527e-04,  1.9477e-01],
        [-1.2174e-03,  9.9998e-01,  5.5881e-03],
        [-1.9477e-01, -5.7200e-03,  9.8082e-01]], device='cuda:0') R
tensor([ 0.0180,  0.0234, -0.2555], device='cuda:0') T
tensor([[ 0.9807,  0.0015,  0.1952],
        [-0.0025,  1.0000,  0.0047],
        [-0.1952, -0.0051,  0.9807]], device='cuda:0') R
tensor([ 0.0194,  0.0251, -0.2523], device='cuda:0') T
tensor([[ 9.8081e-01,  6.6757e-04,  1.9492e-01],
        [-7.1457e-04,  1.0000e+00,  1.6863e-04],
        [-1.9492e-01, -3.0628e-04,  9.8081e-01]], device='cuda:0') R
tensor([ 0.0174,  0.0298, -0.2551], device='cuda:0') T
tensor([[ 9.8027e-01,  4.5517e-04,  1.9763e-01],
        [-9.8039e-04,  1.0000e+00,  2.5576e-03],
        [-1.9763e-01, -2.7026e-03,  9.8027e-01]], device='cuda:0') R
tensor([ 0.0170,  0.0291, -0.2598], device='cuda:0') T
tensor([[ 9.8068e-01, -1.0250e-04,  1.9556e-01],
        [-6.8819e-04,  9.9999e-01,  3.9726e-03],
        [-1.9556e-01, -4.0322e-03,  9.8068e-01]], device='cuda:0') R
tensor([ 0.0200,  0.0280, -0.2595], device='cuda:0') T
tensor([[ 0.9805,  0.0023,  0.1965],
        [-0.0037,  1.0000,  0.0069],
        [-0.1965, -0.0075,  0.9805]], device='cuda:0') R
tensor([ 0.0199,  0.0275, -0.2684], device='cuda:0') T
tensor([[ 0.9801,  0.0011,  0.1984],
        [-0.0016,  1.0000,  0.0026],
        [-0.1984, -0.0028,  0.9801]], device='cuda:0') R
tensor([ 0.0180,  0.0260, -0.2652], device='cuda:0') T
tensor([[ 0.9797,  0.0016,  0.2003],
        [-0.0027,  1.0000,  0.0052],
        [-0.2003, -0.0056,  0.9797]], device='cuda:0') R
tensor([ 0.0151,  0.0244, -0.2672], device='cuda:0') T
tensor([[ 0.9797,  0.0012,  0.2004],
        [-0.0025,  1.0000,  0.0065],
        [-0.2004, -0.0069,  0.9797]], device='cuda:0') R
tensor([ 0.0196,  0.0279, -0.2765], device='cuda:0') T
tensor([[ 9.7933e-01,  3.9808e-04,  2.0219e-01],
        [-1.3254e-03,  9.9999e-01,  4.4486e-03],
        [-2.0219e-01, -4.6269e-03,  9.7933e-01]], device='cuda:0') R
tensor([ 0.0189,  0.0282, -0.2802], device='cuda:0') T
tensor([[ 9.7923e-01,  8.6557e-04,  2.0272e-01],
        [-1.8565e-03,  9.9999e-01,  4.6965e-03],
        [-2.0271e-01, -4.9776e-03,  9.7922e-01]], device='cuda:0') R
tensor([ 0.0185,  0.0276, -0.2852], device='cuda:0') T
tensor([[ 0.9791,  0.0011,  0.2035],
        [-0.0020,  1.0000,  0.0041],
        [-0.2035, -0.0044,  0.9791]], device='cuda:0') R
tensor([ 0.0177,  0.0299, -0.2872], device='cuda:0') T
tensor([[ 9.7883e-01, -4.6942e-04,  2.0460e-01],
        [-2.9754e-04,  9.9999e-01,  3.7166e-03],
        [-2.0460e-01, -3.7011e-03,  9.7883e-01]], device='cuda:0') R
tensor([ 0.0165,  0.0290, -0.2896], device='cuda:0') T
tensor([[ 0.9793,  0.0013,  0.2023],
        [-0.0018,  1.0000,  0.0021],
        [-0.2023, -0.0024,  0.9793]], device='cuda:0') R
tensor([ 0.0209,  0.0296, -0.2930], device='cuda:0') T
tensor([[ 0.9790,  0.0020,  0.2040],
        [-0.0027,  1.0000,  0.0036],
        [-0.2040, -0.0040,  0.9790]], device='cuda:0') R
tensor([ 0.0200,  0.0308, -0.2944], device='cuda:0') T
tensor([[ 0.9788,  0.0023,  0.2048],
        [-0.0030,  1.0000,  0.0034],
        [-0.2048, -0.0040,  0.9788]], device='cuda:0') R
tensor([ 0.0171,  0.0297, -0.2979], device='cuda:0') T
tensor([[ 0.9790,  0.0032,  0.2040],
        [-0.0046,  1.0000,  0.0063],
        [-0.2040, -0.0071,  0.9789]], device='cuda:0') R
tensor([ 0.0179,  0.0309, -0.3005], device='cuda:0') T
tensor([[ 0.9788,  0.0040,  0.2047],
        [-0.0049,  1.0000,  0.0037],
        [-0.2046, -0.0046,  0.9788]], device='cuda:0') R
tensor([ 0.0173,  0.0310, -0.3001], device='cuda:0') T
tensor([[ 0.9785,  0.0034,  0.2060],
        [-0.0042,  1.0000,  0.0032],
        [-0.2060, -0.0040,  0.9785]], device='cuda:0') R
tensor([ 0.0151,  0.0318, -0.3006], device='cuda:0') T
tensor([[ 0.9787,  0.0041,  0.2051],
        [-0.0049,  1.0000,  0.0032],
        [-0.2051, -0.0042,  0.9787]], device='cuda:0') R
tensor([ 0.0176,  0.0307, -0.3085], device='cuda:0') T
tensor([[ 0.9785,  0.0030,  0.2061],
        [-0.0037,  1.0000,  0.0032],
        [-0.2061, -0.0039,  0.9785]], device='cuda:0') R
tensor([ 0.0190,  0.0314, -0.3099], device='cuda:0') T
tensor([[ 0.9785,  0.0042,  0.2060],
        [-0.0046,  1.0000,  0.0013],
        [-0.2060, -0.0022,  0.9785]], device='cuda:0') R
tensor([ 0.0204,  0.0311, -0.3145], device='cuda:0') T
tensor([[ 9.7818e-01,  3.2465e-03,  2.0764e-01],
        [-3.2981e-03,  9.9999e-01, -9.9139e-05],
        [-2.0765e-01, -5.8995e-04,  9.7819e-01]], device='cuda:0') R
tensor([ 0.0129,  0.0329, -0.3103], device='cuda:0') T
tensor([[ 0.9785,  0.0057,  0.2062],
        [-0.0062,  1.0000,  0.0016],
        [-0.2062, -0.0029,  0.9785]], device='cuda:0') R
tensor([ 0.0180,  0.0327, -0.3191], device='cuda:0') T
tensor([[ 9.7803e-01,  5.4040e-03,  2.0834e-01],
        [-5.4781e-03,  9.9998e-01, -2.2319e-04],
        [-2.0834e-01, -9.2505e-04,  9.7805e-01]], device='cuda:0') R
tensor([ 0.0178,  0.0306, -0.3234], device='cuda:0') T
tensor([[ 9.7806e-01,  5.4651e-03,  2.0820e-01],
        [-5.5198e-03,  9.9998e-01, -3.2009e-04],
        [-2.0820e-01, -8.3815e-04,  9.7808e-01]], device='cuda:0') R
tensor([ 0.0160,  0.0312, -0.3213], device='cuda:0') T
tensor([[ 9.7795e-01,  6.5905e-03,  2.0865e-01],
        [-6.8606e-03,  9.9997e-01,  5.6912e-04],
        [-2.0865e-01, -1.9901e-03,  9.7798e-01]], device='cuda:0') R
tensor([ 0.0191,  0.0296, -0.3265], device='cuda:0') T
tensor([[ 0.9776,  0.0048,  0.2103],
        [-0.0055,  1.0000,  0.0024],
        [-0.2103, -0.0035,  0.9776]], device='cuda:0') R
tensor([ 0.0162,  0.0309, -0.3292], device='cuda:0') T
tensor([[ 0.9777,  0.0022,  0.2098],
        [-0.0025,  1.0000,  0.0012],
        [-0.2098, -0.0017,  0.9777]], device='cuda:0') R
tensor([ 0.0184,  0.0304, -0.3325], device='cuda:0') T
tensor([[ 0.9775,  0.0028,  0.2109],
        [-0.0032,  1.0000,  0.0017],
        [-0.2109, -0.0023,  0.9775]], device='cuda:0') R
tensor([ 0.0158,  0.0330, -0.3342], device='cuda:0') T
tensor([[ 0.9772,  0.0018,  0.2120],
        [-0.0015,  1.0000, -0.0017],
        [-0.2120,  0.0014,  0.9773]], device='cuda:0') R
tensor([ 0.0154,  0.0339, -0.3345], device='cuda:0') T
tensor([[ 0.9768,  0.0020,  0.2140],
        [-0.0017,  1.0000, -0.0016],
        [-0.2140,  0.0012,  0.9768]], device='cuda:0') R
tensor([ 0.0150,  0.0309, -0.3402], device='cuda:0') T
tensor([[ 0.9767,  0.0020,  0.2144],
        [-0.0024,  1.0000,  0.0017],
        [-0.2144, -0.0022,  0.9767]], device='cuda:0') R
tensor([ 0.0138,  0.0329, -0.3418], device='cuda:0') T
tensor([[ 9.7673e-01,  4.4936e-04,  2.1437e-01],
        [-2.8393e-04,  1.0000e+00, -8.0548e-04],
        [-2.1438e-01,  7.2334e-04,  9.7674e-01]], device='cuda:0') R
tensor([ 0.0177,  0.0316, -0.3453], device='cuda:0') T
tensor([[ 9.7621e-01, -3.8522e-04,  2.1673e-01],
        [ 7.2458e-04,  1.0000e+00, -1.4892e-03],
        [-2.1673e-01,  1.6084e-03,  9.7622e-01]], device='cuda:0') R
tensor([ 0.0115,  0.0402, -0.3526], device='cuda:0') T
tensor([[ 9.7694e-01,  4.6701e-04,  2.1345e-01],
        [-1.5604e-03,  9.9998e-01,  4.9509e-03],
        [-2.1344e-01, -5.1725e-03,  9.7693e-01]], device='cuda:0') R
tensor([ 0.0172,  0.0353, -0.3558], device='cuda:0') T
tensor([[ 0.9758, -0.0023,  0.2185],
        [ 0.0029,  1.0000, -0.0026],
        [-0.2185,  0.0031,  0.9758]], device='cuda:0') R
tensor([ 0.0130,  0.0377, -0.3533], device='cuda:0') T
tensor([[ 9.7627e-01, -2.1539e-04,  2.1647e-01],
        [ 7.4180e-04,  1.0000e+00, -2.3538e-03],
        [-2.1647e-01,  2.4558e-03,  9.7627e-01]], device='cuda:0') R
tensor([ 0.0192,  0.0408, -0.3676], device='cuda:0') T
tensor([[1., 0., 0.],
        [0., 1., 0.],
        [0., 0., 1.]], device='cuda:0') R
tensor([0., 0., 0.], device='cuda:0') T
tensor([[ 9.9999e-01, -4.6564e-04,  4.9612e-03],
        [ 4.6852e-04,  1.0000e+00, -5.8359e-04],
        [-4.9609e-03,  5.8592e-04,  9.9999e-01]], device='cuda:0') R
tensor([ 0.0014,  0.0024, -0.0054], device='cuda:0') T
tensor([[ 1.0000,  0.0011,  0.0084],
        [-0.0011,  1.0000,  0.0047],
        [-0.0084, -0.0047,  1.0000]], device='cuda:0') R
tensor([-0.0014,  0.0036, -0.0079], device='cuda:0') T
tensor([[ 9.9993e-01, -7.0591e-04,  1.1602e-02],
        [ 6.8560e-04,  1.0000e+00,  1.7619e-03],
        [-1.1603e-02, -1.7538e-03,  9.9993e-01]], device='cuda:0') R
tensor([ 0.0016,  0.0041, -0.0140], device='cuda:0') T
tensor([[ 0.9998, -0.0022,  0.0174],
        [ 0.0022,  1.0000,  0.0019],
        [-0.0174, -0.0018,  0.9998]], device='cuda:0') R
tensor([ 0.0017,  0.0040, -0.0182], device='cuda:0') T
tensor([[ 9.9982e-01, -6.7132e-04,  1.9105e-02],
        [ 6.1443e-04,  1.0000e+00,  2.9910e-03],
        [-1.9107e-02, -2.9786e-03,  9.9981e-01]], device='cuda:0') R
tensor([ 0.0037,  0.0050, -0.0185], device='cuda:0') T
tensor([[ 0.9998, -0.0013,  0.0216],
        [ 0.0013,  1.0000,  0.0031],
        [-0.0217, -0.0031,  0.9998]], device='cuda:0') R
tensor([ 0.0045,  0.0053, -0.0259], device='cuda:0') T
tensor([[ 9.9972e-01,  1.6759e-04,  2.3662e-02],
        [-3.2090e-04,  9.9998e-01,  6.4858e-03],
        [-2.3660e-02, -6.4913e-03,  9.9970e-01]], device='cuda:0') R
tensor([ 0.0035,  0.0060, -0.0251], device='cuda:0') T
tensor([[ 9.9963e-01,  4.9361e-04,  2.7193e-02],
        [-6.7123e-04,  9.9998e-01,  6.5316e-03],
        [-2.7189e-02, -6.5473e-03,  9.9961e-01]], device='cuda:0') R
tensor([ 0.0023,  0.0061, -0.0259], device='cuda:0') T
tensor([[ 0.9995, -0.0012,  0.0315],
        [ 0.0011,  1.0000,  0.0027],
        [-0.0315, -0.0027,  0.9995]], device='cuda:0') R
tensor([ 0.0073,  0.0068, -0.0376], device='cuda:0') T
tensor([[ 9.9941e-01,  8.1008e-05,  3.4294e-02],
        [-2.0869e-04,  9.9999e-01,  3.7219e-03],
        [-3.4294e-02, -3.7271e-03,  9.9941e-01]], device='cuda:0') R
tensor([ 0.0039,  0.0075, -0.0328], device='cuda:0') T
tensor([[ 0.9993, -0.0014,  0.0375],
        [ 0.0010,  1.0000,  0.0089],
        [-0.0375, -0.0088,  0.9993]], device='cuda:0') R
tensor([ 0.0054,  0.0083, -0.0354], device='cuda:0') T
tensor([[ 0.9992, -0.0021,  0.0407],
        [ 0.0018,  1.0000,  0.0064],
        [-0.0407, -0.0063,  0.9992]], device='cuda:0') R
tensor([ 0.0076,  0.0078, -0.0378], device='cuda:0') T
tensor([[ 0.9990, -0.0014,  0.0442],
        [ 0.0011,  1.0000,  0.0061],
        [-0.0442, -0.0060,  0.9990]], device='cuda:0') R
tensor([ 0.0081,  0.0086, -0.0413], device='cuda:0') T
tensor([[ 9.9903e-01,  2.9927e-04,  4.3930e-02],
        [-6.1346e-04,  9.9997e-01,  7.1380e-03],
        [-4.3927e-02, -7.1582e-03,  9.9901e-01]], device='cuda:0') R
tensor([ 0.0081,  0.0093, -0.0407], device='cuda:0') T
tensor([[ 0.9989, -0.0015,  0.0463],
        [ 0.0012,  1.0000,  0.0067],
        [-0.0463, -0.0067,  0.9989]], device='cuda:0') R
tensor([ 0.0089,  0.0096, -0.0452], device='cuda:0') T
tensor([[ 0.9989, -0.0012,  0.0475],
        [ 0.0010,  1.0000,  0.0042],
        [-0.0475, -0.0042,  0.9989]], device='cuda:0') R
tensor([ 0.0171,  0.0110, -0.0483], device='cuda:0') T
tensor([[ 9.9880e-01, -9.1466e-04,  4.8995e-02],
        [ 7.3716e-04,  9.9999e-01,  3.6381e-03],
        [-4.8999e-02, -3.5979e-03,  9.9879e-01]], device='cuda:0') R
tensor([ 0.0163,  0.0112, -0.0495], device='cuda:0') T
tensor([[ 0.9986, -0.0018,  0.0534],
        [ 0.0016,  1.0000,  0.0034],
        [-0.0534, -0.0033,  0.9986]], device='cuda:0') R
tensor([ 0.0205,  0.0127, -0.0581], device='cuda:0') T
tensor([[ 9.9846e-01, -2.1587e-04,  5.5443e-02],
        [-2.9075e-05,  9.9999e-01,  4.4166e-03],
        [-5.5444e-02, -4.4117e-03,  9.9845e-01]], device='cuda:0') R
tensor([ 0.0169,  0.0129, -0.0535], device='cuda:0') T
tensor([[ 9.9834e-01, -1.5467e-04,  5.7676e-02],
        [-7.0456e-05,  9.9999e-01,  3.9017e-03],
        [-5.7677e-02, -3.8995e-03,  9.9833e-01]], device='cuda:0') R
tensor([ 0.0165,  0.0136, -0.0578], device='cuda:0') T
tensor([[ 9.9813e-01,  8.3676e-04,  6.1128e-02],
        [-1.0350e-03,  1.0000e+00,  3.2114e-03],
        [-6.1125e-02, -3.2688e-03,  9.9813e-01]], device='cuda:0') R
tensor([ 0.0137,  0.0143, -0.0597], device='cuda:0') T
tensor([[ 9.9802e-01, -3.4684e-04,  6.2864e-02],
        [ 2.4662e-04,  1.0000e+00,  1.6023e-03],
        [-6.2865e-02, -1.5837e-03,  9.9802e-01]], device='cuda:0') R
tensor([ 0.0157,  0.0144, -0.0627], device='cuda:0') T
tensor([[ 0.9976, -0.0018,  0.0695],
        [ 0.0016,  1.0000,  0.0032],
        [-0.0695, -0.0031,  0.9976]], device='cuda:0') R
tensor([ 0.0183,  0.0148, -0.0667], device='cuda:0') T
tensor([[ 9.9740e-01, -6.7192e-04,  7.2057e-02],
        [ 4.7355e-04,  1.0000e+00,  2.7710e-03],
        [-7.2059e-02, -2.7298e-03,  9.9740e-01]], device='cuda:0') R
tensor([ 0.0173,  0.0146, -0.0657], device='cuda:0') T
