{
    "trj_id": [
        0,
        17,
        25,
        32,
        39,
        44,
        49,
        54,
        93,
        121
    ],
    "trj_est": [
        [
            [
                1.0,
                0.0,
                0.0,
                0.0
            ],
            [
                0.0,
                1.0,
                0.0,
                0.0
            ],
            [
                0.0,
                0.0,
                1.0,
                0.0
            ],
            [
                0.0,
                0.0,
                0.0,
                1.0
            ]
        ],
        [
            [
                0.998882036751048,
                0.00040558067214474926,
                -0.04721103905268357,
                -0.024366334665086958
            ],
            [
                -0.0006514214374351281,
                0.9999849678618542,
                -0.005183978527330017,
                -0.007434544477788404
            ],
            [
                0.047209583625963975,
                0.005211363564711266,
                0.9988683384745987,
                0.05212693270053813
            ],
            [
                0.0,
                0.0,
                0.0,
                1.0
            ]
        ],
        [
            [
                0.9973223292216352,
                -0.00026346737335114387,
                -0.0730940950169999,
                -0.031157904028774924
            ],
            [
                -0.0004700820195087431,
                0.9999463162354278,
                -0.010017609153012506,
                -0.008184453382509768
            ],
            [
                0.07309540352880133,
                0.010026783645649667,
                0.9972733755912149,
                0.0768230622362627
            ],
            [
                0.0,
                0.0,
                0.0,
                1.0
            ]
        ],
        [
            [
                0.9955215830599258,
                0.0002911284597945096,
                -0.0945253932952252,
                -0.03472067661850248
            ],
            [
                -0.0008617240406842241,
                0.9999773673852811,
                -0.005990381804599178,
                -0.010138063993503872
            ],
            [
                0.09452378046252963,
                0.0060470131601003795,
                0.9955027756135117,
                0.09104033909801683
            ],
            [
                0.0,
                0.0,
                0.0,
                1.0
            ]
        ],
        [
            [
                0.994679603057609,
                0.0014977316594005593,
                -0.10300091586024974,
                -0.03514996548667189
            ],
            [
                -0.0013072634826071616,
                0.999994484891
2108,
                0.0019211331911391215,
                -0.011924313877979395
            ],
            [
                0.10300524125561109,
                -0.0017745032712088678,
                0.9946778538989157,
                0.11255009397653676
            ],
            [
                0.0,
                0.0,
                0.0,
                1.0
            ]
        ],
        [
            [
                0.9940761811322353,
                -0.0027297180555214203,
                -0.10865701970590678,
                -0.03714766995474063
            ],
            [
                0.0021474933307438996,
                0.9999792055330472,
                -0.005471872697427222,
                -0.014428532496730222
            ],
            [
                0.10867119709502611,
                0.005207785908721888,
                0.9940653483168657,
                0.12394005402412651
            ],
            [
                0.0,
                0.0,
                0.0,
                1.0
            ]
        ],
        [
            [
                0.9929594133286125,
                -0.0067949856022561225,
                -0.1182639510238035,
                -0.03819411392967473
            ],
            [
                0.005338040139212165,
                0.9999025210729465,
                -0.012626464423285142,
                -0.015389564762255897
            ],
            [
                0.1183407380306128,
                0.01190816619771128,
                0.9929024227623618,
                0.13757034704448537
            ],
            [
                0.0,
                0.0,
                0.0,
                1.0
            ]
        ],
        [
            [
                0.9909857382696792,
                -0.009727430503838837,
                -0.1336315340899235,
                -0.041731151898621414
            ],
            [
                0.007530834641534453,
                0.9998250551844595,
                -0.016933187947008214,
                -0.015958095990889137
            ],
            [
                0.13377492199388982,
                0.015776049231198838,
                0.9908876226915988,
                0.15113596214779615
            ],
            [
                0.0,
                0.0,
                0.0,
                1.0
            ]
        ],
        [
            [
                0.9812547034418234,
                -0.0026502688638484198,
                -0.1927279898481506,
                -0.060457586447423425
            ],
            [
                0.0013675783660740827,
                0.9999750202841542,
                -0.006785255581093343,
                -0.02524458710512223
            ],
            [
                0.19274430524894393,
                0.006396884190526501,
                0.9812316718679726,
                0.23684565413950517
            ],
            [
                0.0,
                0.0,
                0.0,
                1.0
            ]
        ],
        [
            [
                0.9784271102423218,
                -0.005929184693831462,
                -0.20655627612917743,
                -0.08309787955240887
            ],
            [
                0.005411815850226192,
                0.999979466841644,
                -0.0030687344643415787,
                -0.03304172587784873
            ],
            [
                0.20657476523240798,
                0.0018880838453993474,
                0.9784361780387074,
                0.31566142101129285
            ],
            [
                0.0,
                0.0,
                0.0,
                1.0
            ]
        ]
    ],
    "trj_gt": [
        [
            [
                1.0,
                0.0,
                0.0,
                0.0
            ],
            [
                0.0,
                1.0,
                0.0,
                0.0
            ],
            [
                0.0,
                0.0,
                1.0,
                0.0
            ],
            [
                0.0,
                0.0,
                0.0,
                1.0
            ]
        ],
        [
            [
                1.0,
                0.0,
                0.0,
                0.0
            ],
            [
                0.0,
                1.0,
                0.0,
                0.0
            ],
            [
                0.0,
                0.0,
                1.0,
                0.0
            ],
            [
                0.0,
                0.0,
                0.0,
                1.0
            ]
        ],
        [
            [
                1.0,
                0.0,
                0.0,
                0.0
            ],
            [
                0.0,
                1.0,
                0.0,
                0.0
            ],
            [
                0.0,
                0.0,
                1.0,
                0.0
            ],
            [
                0.0,
                0.0,
                0.0,
                1.0
            ]
        ],
        [
            [
                1.0,
                0.0,
                0.0,
                0.0
            ],
            [
                0.0,
                1.0,
                0.0,
                0.0
            ],
            [
                0.0,
                0.0,
                1.0,
                0.0
            ],
            [
                0.0,
                0.0,
                0.0,
                1.0
            ]
        ],
        [
            [
                1.0,
                0.0,
                0.0,
                0.0
            ],
            [
                0.0,
                1.0,
                0.0,
                0.0
            ],
            [
                0.0,
                0.0,
                1.0,
                0.0
            ],
            [
                0.0,
                0.0,
                0.0,
                1.0
            ]
        ],
        [
            [
                1.0,
                0.0,
                0.0,
                0.0
            ],
            [
                0.0,
                1.0,
                0.0,
                0.0
            ],
            [
                0.0,
                0.0,
                1.0,
                0.0
            ],
            [
                0.0,
                0.0,
                0.0,
                1.0
            ]
        ],
        [
            [
                1.0,
                0.0,
                0.0,
                0.0
            ],
            [
                0.0,
                1.0,
                0.0,
                0.0
            ],
            [
                0.0,
                0.0,
                1.0,
                0.0
            ],
            [
                0.0,
                0.0,
                0.0,
                1.0
            ]
        ],
        [
            [
                1.0,
                0.0,
                0.0,
                0.0
            ],
            [
                0.0,
                1.0,
                0.0,
                0.0
            ],
            [
                0.0,
                0.0,
                1.0,
                0.0
            ],
            [
                0.0,
                0.0,
                0.0,
                1.0
            ]
        ],
        [
            [
                1.0,
                0.0,
                0.0,
                0.0
            ],
            [
                0.0,
                1.0,
                0.0,
                0.0
            ],
            [
                0.0,
                0.0,
                1.0,
                0.0
            ],
            [
                0.0,
                0.0,
                0.0,
                1.0
            ]
        ],
        [
            [
                1.0,
                0.0,
                0.0,
                0.0
            ],
            [
                0.0,
                1.0,
                0.0,
                0.0
            ],
            [
                0.0,
                0.0,
                1.0,
                0.0
            ],
            [
                0.0,
                0.0,
                0.0,
                1.0
            ]
        ]
    ]
}
