{
    "trj_id": [
        0,
        17,
        24,
        29,
        35,
        46,
        51,
        56
    ],
    "trj_est": [
        [
            [
                1.0,
                0.0,
                0.0,
                0.0
            ],
            [
                0.0,
                1.0,
                0.0,
                0.0
            ],
            [
                0.0,
                0.0,
                1.0,
                0.0
            ],
            [
                0.0,
                0.0,
                0.0,
                1.0
            ]
        ],
        [
            [
                0.9988294411186484,
                0.0006130482651429185,
                -0.0483257723054126,
                -0.022279873748314295
            ],
            [
                -0.0009068757104283725,
                0.9999778265619362,
                -0.006059263862869561,
                -0.006221049091557987
            ],
            [
                0.048322577068941754,
                0.00609826639362432,
                0.9988109269184052,
                0.053419914974747525
            ],
            [
                0.0,
                0.0,
                0.0,
                1.0
            ]
        ],
        [
            [
                0.9974189824880572,
                -0.0004886285595774335,
                -0.07177983799313964,
                -0.025124175643360724
            ],
            [
                3.544057641001553e-05,
                0.9999778006765918,
                -0.006320593008558364,
                -0.008340234173283577
            ],
            [
                0.07178352986932897,
                0.006303338922083785,
                0.997399722053682,
                0.07184973352320755
            ],
            [
                0.0,
                0.0,
                0.0,
                1.0
            ]
        ],
        [
            [
                0.9959219395756407,
                -1.7551308678109737e-05,
                -0.09022928263741052,
                -0.02949491773832694
            ],
            [
                -0.00046976914614344824,
                0.9999828862999685,
                -0.0053890330926828585,
                -0.010033427944200394
            ],
            [
                0.09022980046478357,
                0.005411361090169044,
                0.9959055840164792,
                0.09371172904962517
            ],
            [
                0.0,
                0.0,
                0.0,
                1.0
            ]
        ],
        [
            [
                0.9948078873158146,
                0.008039854505257285,
                -0.10146973968802854,
                -0.034727821325825914
            ],
            [
                -0.007395247775699024,
                0.9999473015182565,
                0.006719852387776245,
                -0.011490494810354895
            ],
            [
                0.10152052022999913,
                -0.00593299964454643,
                0.9948135876125828,
                0.11602172741253598
            ],
            [
                0.0,
                0.0,
                0.0,
                1.0
            ]
        ],
        [
            [
                0.9934592187139012,
                9.695176301544903e-05,
                -0.11421397282626936,
                -0.036722524172846764
            ],
            [
                -0.0008808980521700498,
                0.999973762161275,
                -0.0068140129773323265,
                -0.016072381790314897
            ],
            [
                0.11421318959894909,
                0.0068716620703605435,
                0.9934313148449333,
                0.13839600063525206
            ],
            [
                0.0,
                0.0,
                0.0,
                1.0
            ]
        ],
        [
            [
                0.9917842365489798,
                -0.007288749123364421,
                -0.1277485287955633,
                -0.03708701203940607
            ],
            [
                0.005721216109818267,
                0.9998997738895188,
                -0.012634031364334908,
                -0.017403254354395204
            ],
            [
                0.1278306208952015,
                0.011800541355281262,
                0.9917257186045493,
                0.1551208934010403
            ],
            [
                0.0,
                0.0,
                0.0,
                1.0
            ]
        ],
        [
            [
                0.9897064829474691,
                -0.00699268806431918,
                -0.14297465373973128,
                -0.04096100397467013
            ],
            [
                0.004777881198298834,
                0.999859594677978,
                -0.015825586999831647,
                -0.01841992469715611
            ],
            [
                0.1430678288122717,
                0.014981086000036257,
                0.9895997109818064,
                0.16848272198257455
            ],
            [
                0.0,
                0.0,
                0.0,
                1.0
            ]
        ]
    ],
    "trj_gt": [
        [
            [
                1.0,
                0.0,
                0.0,
                0.0
            ],
            [
                0.0,
                1.0,
                0.0,
                0.0
            ],
            [
                0.0,
                0.0,
                1.0,
                0.0
            ],
            [
                0.0,
                0.0,
                0.0,
                1.0
            ]
        ],
        [
            [
                1.0,
                0.0,
                0.0,
                0.0
            ],
            [
                0.0,
                1.0,
                0.0,
                0.0
            ],
            [
                0.0,
                0.0,
                1.0,
                0.0
            ],
            [
                0.0,
                0.0,
                0.0,
                1.0
            ]
        ],
        [
            [
                1.0,
                0.0,
                0.0,
                0.0
            ],
            [
                0.0,
                1.0,
                0.0,
                0.0
            ],
            [
                0.0,
                0.0,
                1.0,
                0.0
            ],
            [
                0.0,
                0.0,
                0.0,
                1.0
            ]
        ],
        [
            [
                1.0,
                0.0,
                0.0,
                0.0
            ],
            [
                0.0,
                1.0,
                0.0,
                0.0
            ],
            [
                0.0,
                0.0,
                1.0,
                0.0
            ],
            [
                0.0,
                0.0,
                0.0,
                1.0
            ]
        ],
        [
            [
                1.0,
                0.0,
                0.0,
                0.0
            ],
            [
                0.0,
                1.0,
                0.0,
                0.0
            ],
            [
                0.0,
                0.0,
                1.0,
                0.0
            ],
            [
                0.0,
                0.0,
                0.0,
                1.0
            ]
        ],
        [
            [
                1.0,
                0.0,
                0.0,
                0.0
            ],
            [
                0.0,
                1.0,
                0.0,
                0.0
            ],
            [
                0.0,
                0.0,
                1.0,
                0.0
            ],
            [
                0.0,
                0.0,
                0.0,
                1.0
            ]
        ],
        [
            [
                1.0,
                0.0,
                0.0,
                0.0
            ],
            [
                0.0,
                1.0,
                0.0,
                0.0
            ],
            [
                0.0,
                0.0,
                1.0,
                0.0
            ],
            [
                0.0,
                0.0,
                0.0,
                1.0
            ]
        ],
        [
            [
                1.0,
                0.0,
                0.0,
                0.0
            ],
            [
                0.0,
                1.0,
                0.0,
                0.0
            ],
            [
                0.0,
                0.0,
                1.0,
                0.0
            ],
            [
                0.0,
                0.0,
                0.0,
                1.0
            ]
        ]
    ]
}